28877657316458
89937689711651
78454526435479
21436994841879
83755674698581
65249196532235
48731659959757
56327963523623
44275515822161
43518343123326
44329841926868
57416536723521
63942321432162
68799722948579
79726195817937
49548155944589
88267353828123
57912634612282
63263711789328
17673712114243
13744922376121
27519581186556
28542893824528
31892846956395
31583535646416
13858159882622
72915664468234
24892684838944
81469922822532
12688859223945
68931826397446
48561267417794
99443352843151
56756444114214
48456483488493
83514637295758
68335491474951
54796673574722
27927972661639
13623132583611
29248348439557
82529926942364
19886157696946
69388859575247
13725272821719
45625191389857
68838555273434
64743551837458
24384683576765
38892957235256
29463276543895
58693253681925
56544742131736
69669122877223
74191842111493
63526331696872
48682639863676
46888344334346
41516128261669
53723685669976
19962692581419
35679672264853
24231574155869
54439861811972
49574361853457
51792931612325
22524345519583
34214778618992
61632495247117
62731381895943
94395231751542
58284477275979
36446981625597
65357594558398
99411982161896
17956324111524
92575163692737
57625949874985
42558158186518
76198632991619
99775159383445
23714352324859
58873115761266
82412468476241
16881665936184
43556969233967
49174655199131
86378192443441
37297252476382
96821629517938
18563489364663
31241548349345
75141574624368
26826975744844
44933371547992
34243828544238
69348111289346
36459225774433
17213678775831
75823597851661
93329547999385
87353353347336
12977989295246
27688822943818
74463217198474
36381732592225
72182338735442
83121182257373
58479847462371
93331848386699
92569391696872
61693857334491
43559967951884
26369829775995
68252239393761
97324869194199
73523666618766
62619347552869
92657114985753
94623859977494
65912377182144
56151683439819
12515882759443
18412173311328
13918871381576
34557382819318
71448286578732
43626923298561
53847863353658
91661636638912
12974751213352
65862954169821
19126128454626
88689134137185
68154612451245
69176616737516
21733244468489
88414541996293
72621723368485
71976443342925
81212644861999
73852886862386
28766958545464
89263893748932
84699268774221
55378742168695
27114556156584
88926726832887
25554944881328
13724245351446
92787817882672
98716187522429
41552616949716
91542823937162
76757927886975
44823932263754
24176416359664
91188946933911
92377984157279
39379491992678
69695182494516
55732721939964
17497831993996
77495395676776
65791617927713
11525894896461
95314959964584
66381645527176
11986395627628
91719654773748
42118646327717
91588663955186
58565494326243
34687397294621
43762574972633
54771617765127
32881568354895
52325381463199
66413259692298
51766217769788
32417472442679
84512837872262
87483917324995
29158612799394
68568733496332
63776462939215
72112275861189
99738257956382
97781317373939
31539642216638
88112187332431
48173358688316
87552127325737
55828265851163
98873783821472
94539534557732
21367432146699
28528826162553
45917159768931
44873621434615
54333973867243
86556237411369
99691813678581
99517884725726
81463461141835
66544839646142
23913725712927
88627191592623
89995824889528
62538591344933
54688782584137
66626625935638
19847889868299
75583412717635
76477898853789
59327788935527
39811784442944
64693344829569
28623988954177
71311323295257
95359772867883
34122897918734
99963586428557
28388738856557
33916844896379
17899793284312
54137397975121
26238783432362
28196886954953
11112457217538
32925827749937
95233214251894
88473951923117
55855418634395
82125268435482
63435622196278
78312691424546
98113718943283
72876675525885
93229426563133
79838434896165
12286928776661
22359978559413
29981464671831
88947959523691
19223935549529
48515636342878
99744654155876
43633178761542
33552563144662
16499837689539
78829323732267
66171766916554
78858981361794
52327692772844
55221113953996
12644112426224
78717354529843
71749692125521
68637396393737
96277795283247
55474368271236
63471997779257
13335263943837
57765333226878
34461586422419
52273191534836
67995593549616
96834896758985
32528598789366
52358516332441
95966312438298
93298423841998
71727352277168
43227646624282
92946748865235
11544564861824
85589742764769
85858563338428
35649843252116
54844188126667
83895574189236
46986773988161
11387972566244
48466575684841
21241947943869
95811987359658
16751471984523
71515134546694
57947356348138
66613121322633
97774243213467
82818893486712
31262569362419
61382294151182
38484657377389
78161266517668
67952533221721
88523457232781
39818963767824
83466833694413
58859434485227
73588435987485
35926158321216
36292613851898
62489587848942
44111967146884
86858424692137
88814421427182
78388715236257
53586425133483
65848768542798
41996439147466
36619642574711
83324396136672
33116272318539
72113112351891
21822943518247
13246863123543
56615951788177
58114667177246
58486379274992
69228522697278
28258352276181
78986879111784
54247688289771
24656789889936
65553452666383
51688474711539
53563943315996
85276714271874
71416175315541
21853363319419
66489464173555
43916457939928
81568956586572
67346452134673
18698963127786
81177884837177
14567533854361
76425458763671
73295377889179
19142457659265
29577913571473
99596865445737
18293458419556
22485387324776
89829819242822
28796124789712
49727315239162
52544835852595
33887279538392
43538892882683
78623965754137
62525125897351
72897489572866
42823516914912
82423728142755
11872524617423
18983912767288
63973858945766
42546374652823
36452118222343
61595693444282
95253368142213
58525761312999
56595745379254
21569568725723
27299234695414
55391485485512
64888958464394
95778152675816
52861132877169
31482866331875
28992823185854
95139252817595
76673796829258
51246713231354
19176552935377
75885857351926
18813747496647
79499989314418
97131461845557
99479988587199
73245537136634
81867566439824
42184371444818
67865884619476
57362457954546
34431154861583
99188653981465
24948132341632
47888684837153
99236598877333
69773176645238
43224368649285
24789624735464
36695382947875
65429527751821
24148945914648
46934357223449
94498341562127
96433561248359
43488951787577
39428757274118
17921175127222
47741734588243
26744367353434
89822376867478
88958475388993
75863378999626
67871288211596
41486379181419
99133134665625
78433731118289
89424593358529
34447228636577
59928596954694
54347456899972
95189925563398
37299594577995
47947688358275
97139519247256
87394539759358
57125236588184
22517232836181
47324878721412
29652825883179
77845276476549
73533767543935
48951974636994
72631563372281
18551333586711
68651252157732
22816769885899
91296686421444
23686486517848
49341831529267
28555564973285
32145579846243
82633877576884
94931264666399
91696111233561
56488543618198
95384431466466
96488644799749
79266558869858
89573318688847
98925983934545
11923238915453
61129436837932
86433195728316
96258977446191
83865793999633
66497138221366
41645574526124
38983776514189
95492256852294
12569696638332
45152512733321
16211713774399
33128986216577
27553997868919
87615378217472
41264282517565
24453657468143
33847232786759
28349594736753
99814792116979
92461717251818
14684521929294
13366474833378
98865944515441
23567821728952
59164262572264
74141517871139
74235143537918
53261123682488
66852991573859
97299373283852
38155152114129
39175164788284
41633634653482
76923291612485
18456837355771
44489196836974
98422729769879
38185831652532
84953675147332
52529652917889
54692461428424
23774361532921
99565872247748
78978167341671
34786645747662
69634364796487
25572731883898
35251417267971
26553783275677
33314698716582
