37988482323
21874977752
45216984729
59821258152
93528679772
89686866492
19194655344
15678716982
28296634574
49111385226
57277169629
63454726492
16636353693
49496147658
44311718269
17988869129
28896429686
81923653314
78747833134
17576868149
59551281821
14651842486
52312998643
24392787454
92762535216
11231936745
76741313442
23727194792
63624621416
71191465834
41554481193
78871586133
73183996732
64518428585
59398739257
83145698173
23123971753
72152935478
98983962192
31147947112
55552565829
61119438164
35871411175
84479993425
76521943452
61443558667
25581471158
34538765355
98479811119
93686282285
97287974161
89819856466
24179254429
32642724449
91133591756
86371755588
46534486189
53237788816
73843351147
53798311226
47662794435
21497519325
24796433459
38816494653
54284241784
63931377159
93797589365
27465428335
34555153851
19268897442
81835955556
43289912312
58232434261
91136959423
18857346648
68621323315
39348759189
98313457629
37582694622
44167629943
11715234236
22164231173
45249621366
16868725284
32593872411
98316377963
66227818552
85117855824
94773347364
87981538886
39997929332
97413975238
42332441481
89638938595
99668653756
22114427373
88143829982
38538139885
37441482359
72385484751
56215659855
43522653734
47296669484
13265756927
41626444264
42336418965
75115531944
87134991266
68853674652
95565398371
36831436736
27384567757
38783434197
18545394897
65579919577
14444671672
93343543259
26495696468
57659914926
53422269744
49342667997
69556287941
22128381958
29694114163
22216416777
78535967823
45676727822
12972512713
48121875525
71519591114
85424561991
34443152569
58359477671
36693951126
55754594133
11236652155
42993375451
41516544277
17132178372
92548157394
49861738768
34974492356
88276375654
79421821398
29289172652
66473759968
48384233789
17619973225
45929669859
54531391171
22682524752
39615429567
86435895978
99687367649
28664485647
58783498415
71782476821
79136978772
67191241755
17536178795
71997583471
11173688435
62895992636
75225911755
11411212395
99167193368
98474545355
26714534239
17197232567
94928626637
64837695617
19971268568
49747419916
71831618882
77328661187
79114852632
92636981276
84395876593
63665343153
48478569454
47887923138
57596635759
55323656794
47379764888
97326136915
88113139921
13173327238
63867411383
75372897388
41958388592
65631698569
36829439536
43671319137
45852628382
31818143755
68236774527
42257364774
68472249187
29883391819
47734327848
78286299736
89345767859
86374324366
21299184985
18563164638
16893927716
76849448954
84532117311
17446462635
75182652311
17177977844
29932719313
84471147565
97973937514
54699941837
53167848884
33861462487
39992582333
81457896561
22749894924
76779381824
67619329162
88624243791
38183323968
28569939561
27577337615
79583459217
52138567439
66314674892
62229312849
43788331691
48413867992
39782347967
45736766615
43945846751
76482857621
17942475998
28849539816
52133791333
24942972582
19234482151
92283183183
54893948352
61618494273
99598167743
93279315582
52578874863
51876939156
65331497637
11337453439
38481416267
68635857288
63692368476
15159812487
89871783878
58971952592
83574381124
62722765924
98994956694
54356273921
74725529532
11622265291
58235243962
11673332295
39123344585
44491692993
58431215381
25169947446
65751455721
41481314577
11922167674
68133133753
66897573189
78442229839
58479293682
36493361516
37558795397
77488586522
58751521726
18422217663
76156611293
87385213591
44293466255
46241149219
26211365237
92841127748
48916791351
97861969644
97772111576
63596924334
58972624979
84713284924
55221587945
74225392718
24353417439
61534374616
56154851176
62114137662
41116489298
88217297218
89813929757
28138539168
34177389656
97317548818
43624377633
87557688611
28291791457
67571367752
73253945528
96192963239
88492663742
38286356879
59993359579
39383876268
69495892439
86379652786
41767814929
96347165344
73287566687
24857269342
72886459183
58947385899
77865238286
23168137335
19346212122
43484221795
11282258922
78566454976
81517243238
82495195234
11235259672
11684637888
13771228329
97772743696
39588266484
28687543567
14513652247
45177424881
22425689371
57179891499
87326315744
15887659312
51547744444
58569416379
17523619714
82881325177
17658618313
33663879194
51967657468
19877141122
98126784275
95163273946
93837923155
32498882782
58156319319
42974767784
34357572748
12148357879
71777469253
76252689149
27749721142
18952355898
57993378521
89767152586
15576859752
99872245288
37456265497
69255439325
36515963414
19373435713
73683924322
58653416854
13496392522
39853883218
67434764263
71375291534
62887524345
95351452911
52455275297
77556944589
76466847134
17789717787
15736214493
58516765518
73613962548
55612574268
37232416477
11129461227
39194237136
89824836914
48569528622
18841421929
87593218137
85661574955
46277241369
53175353269
71378154156
66554639557
13795336852
87843918959
93154247435
24363766632
73951546137
91373815244
97914624138
83552121221
35122224414
13819745319
42388545427
53921325766
84463236167
99414236287
47267311747
86865874376
95667761493
64719498948
59866686396
67242474566
28949322197
91135228238
99969312241
67451345776
56879635442
64821161824
84333475173
98982818556
98582113384
28179849873
97165975779
35873715329
51624863415
69932366773
48419452584
14949252166
86772383429
73511747665
15874885953
36573928214
45226736265
67969331981
84499629645
92597886462
26936738998
44631359694
26973496953
43916438931
19686136188
33421169866
97269575789
94185912762
18681791567
48472373527
99894432667
86272294989
75181665144
33293134878
83699422225
62878358557
93122797595
93512387453
79214956837
74872746419
95931322299
65869122613
17929683423
47452712178
74382934814
88495975473
34477658996
97283784212
71215167191
42716387328
95421116839
72251542988
31113567979
66793951428
25285789145
29376243439
38865227553
54867345881
21343355796
79518263365
25326896913
21812684785
27477338381
12429816612
46821521271
65623419482
13779848269
92371345653
57771322657
42118957546
62264565798
77185193984
81491621463
73961162998
76947223652
27953972559
22166739834
36987545636
