50
102
30
38
119
80
80
118
84
109
40
55
93
118
32
113
111
62
38
95
73
64
56
40
51
87
83
40
97
103
55
46
88
47
62
92
105
33
31
56
119
45
110
116
50
98
102
82
83
119
75
49
115
36
38
113
57
78
116
41
96
94
88
51
68
57
35
98
76
48
70
66
54
116
90
84
55
119
36
73
114
93
84
109
66
101
63
32
77
63
87
39
74
66
98
50
63
76
103
59
37
119
93
96
31
40
90
43
102
30
106
106
98
81
108
84
30
67
77
89
74
101
109
105
82
86
55
101
93
80
81
87
68
97
75
117
116
64
67
70
98
111
62
67
37
63
34
53
57
93
78
117
94
42
108
98
95
104
33
48
109
102
89
94
66
80
82
101
75
38
108
83
77
111
36
82
51
56
43
108
47
111
52
39
91
95
50
52
95
79
49
58
96
60
36
102
82
66
31
34
96
76
48
56
46
97
53
92
92
61
46
55
89
62
114
109
66
49
32
34
76
60
33
44
87
68
67
51
34
94
33
36
63
58
59
34
109
50
79
95
113
30
81
58
65
79
116
66
97
47
30
103
109
95
112
71
45
53
99
64
103
70
61
71
84
108
42
89
66
118
86
111
43
44
36
82
105
111
85
87
71
86
78
71
82
40
35
85
78
118
104
67
52
96
73
69
86
110
33
36
88
90
88
79
55
117
30
108
115
74
97
111
98
91
90
104
90
48
30
119
45
106
119
83
40
109
113
61
64
109
94
89
38
38
55
96
66
99
56
37
51
118
116
89
65
110
65
77
56
67
81
34
43
110
117
95
46
49
39
58
67
99
103
65
82
84
72
65
45
88
46
74
104
68
95
66
82
71
109
111
103
112
55
76
96
97
51
62
119
79
101
117
59
108
33
46
48
117
54
33
99
93
100
31
43
112
118
85
39
88
109
81
79
39
101
52
70
118
46
91
102
108
55
46
110
41
40
93
87
98
88
107
82
115
55
95
48
75
112
37
46
68
78
108
104
101
117
57
86
92
117
44
70
109
101
102
63
72
39
50
32
68
41
37
72
55
67
64
88
90
88
32
69
79
92
31
95
72
101
65
90
110
38
81
41
92
92
71
119
71
66
91
101
52
70
77
44
107
105
116
35
103
63
91
61
101
55
76
83
117
64
79
76
40
95
111
60
91
31
62
70
42
55
67
74
32
42
56
81
75
81
53
38
50
88
60
72
75
99
54
46
70
39
36
37
32
67
49
30
68
35
117
47
36
114
31
46
60
41
85
98
73
101
33
88
60
99
98
118
98
108
69
96
108
34
31
103
86
93
88
98
76
43
59
31
68
103
91
74
45
56
49
31
39
101
108
98
85
50
79
107
117
59
76
93
39
82
64
92
58
93
98
100
37
106
84
54
36
31
47
103
75
100
44
38
99
54
91
86
101
51
49
50
81
80
65
47
40
104
68
114
66
106
80
30
110
41
35
94
49
77
50
81
112
71
113
68
74
114
83
55
46
116
48
99
45
