123395020131
173362733792
613177568382
565226371754
970186961151
703216920322
569698751396
119494362412
560283504066
708365223979
421630037249
422353395317
508208124066
802092980425
460023122757
254726388550
583504510611
127581767704
959387665353
967828586488
835024201344
337287883046
701283105362
850795457328
405965062296
197745266857
968582488513
678129794100
227998122432
116790831016
512376567926
130186197765
599763904054
626360144423
473264176345
455389350874
222630691321
142009900801
252611488438
844837714642
169531053248
450399968864
045737892604
639873218154
548206583692
558879025756
283496521382
986906417370
125557443932
393687739582
738307210329
842433728868
594750475076
808443830492
420412637072
555205960499
419034817993
317820334977
353803266713
672865463054
425237802204
247426899304
269725286671
029581714714
668571763068
618327268889
710500354247
794525453582
859067177208
884892631737
904671073595
819858934462
972018498440
372159246223
527670794889
550495606888
593915047375
663830135521
050809215786
501631362216
303987762285
028092070187
422297560916
279585007381
987503387385
124958057276
402718934103
277445017888
911842825291
447836188977
524088486230
136945546620
146975989887
791413146437
507565146526
757504843937
999248478731
648430142636
649464834010
273222812678
264875431937
763088837520
281755181503
674189011106
648347784964
422345809340
500561576101
430090792472
282311239461
801601257307
385064022729
866055734076
362429233596
017948759095
032689198827
207432767687
790385074222
762006212965
085379378877
295917748369
459208943201
901125792768
629382736468
353102848646
794104370064
923076712559
120200822537
816144890655
194148870486
904107280388
698769120407
209338837350
477298491401
048348495708
407867602960
464369778825
056789689202
223418343947
783229113984
128612816345
742119832905
868482652575
484607960962
128489547932
746147119141
521993257875
416853430498
388614910294
930970569209
949238767625
471112365962
249211970547
533112074756
853589933119
461669943273
874276407917
423638249065
517183317252
584052979123
502513312492
213612354820
898520151892
855289778662
129049276162
196461392001
760687178654
393310778895
094898624416
813317730008
098450058749
281038925107
895415586248
924095720575
370013740333
619213075911
434643959223
661532088631
033272715871
866497264698
501144475545
132274987290
759232847432
906066973385
415387844013
653447531350
368194305119
328158339282
032997378040
941545303374
010620108047
650273798419
262280209614
007971104682
031231288950
915900884243
284415378465
547366070004
375426524063
628169303546
986042807351
751188805876
473083571975
653304993897
433783831434
733969847052
603476345750
260883639772
245657268008
617431170653
970247253885
287457853024
027335816370
345270937002
692359596571
222216735704
113648940947
858316254008
313477683224
203078214513
896170036623
679188164457
124181476874
722933269978
325325743508
240484362656
853003019899
660645483648
895212623724
824761868738
776209069570
208950781646
682586297189
547363597303
577706373973
486164320026
090610648818
035041444552
110658124958
550400838613
050098247601
141377435961
038268224089
331475733234
288767622031
229068517458
963601452907
981978917169
034350525542
247325534684
874454847503
389030654811
140409059901
518585766371
792845664866
732010551110
683516958763
056270597880
856915443118
137645448698
966484417253
410344576311
110825556695
040744888332
097646442240
913048781095
015002445210
703834419759
774297250045
055452545236
553761656915
603578180662
496147581737
063211044461
560146485335
063234035223
261789143799
529160493177
006280744119
123557367548
204596471608
171188302389
813015046708
808559542855
669379200351
720374356360
108329957492
136195201124
396721901331
652227902435
097502591477
578149262221
696842438419
531027236065
721704091669
438048483608
554773757845
478429511247
848601972772
472027825730
929080850070
637361125181
930956275525
406546198316
994547309465
139136099207
088682010263
145557523652
995100317330
755535660263
732959959593
879518788889
361918045580
716835890655
249235295826
937783292482
417149266628
661595449324
533599081589
843716480252
131256780645
014746861682
781219144570
281020061702
309038571553
788292971826
696712361945
816293193372
666155783571
306052390849
990834741436
009745056291
095552196816
934202176171
057249234645
067058426957
992845797156
267920599761
379287151731
577519611679
354460560175
167264820873
641390452703
001437660448
460459793119
298832862158
653678258512
309355636623
917369483846
899079796487
087214316348
056151657152
858311500203
661818989010
411062004272
705422545445
712089344818
286488513351
364930179356
768165555080
214709785478
772255956010
776496991108
155465396087
973212201023
297339043583
972221861810
237698115123
514490323716
952446831743
293177157030
146046086294
168718287070
522751338901
463490720383
120348516357
081166771466
627390618096
714796580372
496219684781
396181502671
283766933513
521426186409
804139464192
165787969413
719681239412
481889445502
627643832308
940334145190
285604053705
038353835008
250325550261
731179651396
042435286543
127653737042
322715219446
191813319501
560516383401
782930756557
294609920751
056091717911
564550790748
383607796002
544505934149
563410819519
475563617716
453156115515
082822877209
172064641831
460985504142
717541075723
925758952714
704779439780
057175810510
974384423450
513997212668
915308882989
558069253923
064539388279
765397501113
314097110987
570688074897
026706746356
008773282099
251342330516
100585179590
734713274646
297287032395
735866239058
313667290043
522518468266
182319337747
565750265721
638914912223
553938339695
896670050073
122710713865
592588835043
569936035311
300021698640
904475307362
133813145258
681553055630
370781622058
578899715202
024704896226
199650499960
464823458499
510950242314
284679664147
610815294065
332654504474
537024943100
539508434161
590281921115
654189818351
703186158386
717406451278
961191608794
490050494490
942305969000
375200752643
538920163843
830345564762
914642889628
188483542814
847330195744
166977001682
210078297826
203682486653
592968777636
380233980850
369616972085
875515935992
800446796400
237984356147
213544042545
090381470868
900461782022
814798024551
981676866517
038433851204
347912819321
329647994106
212403504925
921875989102
417354236944
213380056086
699622852117
720810534732
697413494934
664801224737
174317807461
197595402365
976802350024
482879071528
898008213400
599180856892
495221838765
125736056990
950283257918
