18745
40908
29390
36383
28543
19469
15021
36310
10854
22141
26714
22359
34646
25062
13398
23663
15241
23264
28296
32176
39726
23341
22732
34062
15933
23698
22983
22916
11744
13312
11431
27071
20848
25869
36610
40901
39097
29635
22845
35665
20494
13921
27622
12430
40159
24474
25138
36769
23152
24491
38470
10848
25779
28734
26967
37950
26090
11389
32827
35900
32433
28533
23251
16013
32152
32337
19194
21783
11063
34302
10811
22372
18220
28745
36406
26923
21845
10381
31856
36859
26666
36355
20621
38550
11925
36852
41453
37387
31930
22781
17002
37585
17775
14392
17345
42181
28536
34896
30794
39312
36025
37697
18964
14096
15753
17134
30444
22243
11983
33677
31149
34265
24146
41950
41987
31764
23412
33272
36085
38043
41154
24733
20081
41624
35170
14925
30532
35495
12168
20115
35941
34716
33153
33478
28011
31842
25255
41906
17158
11915
38656
20081
41767
19756
27488
10394
29495
25215
29878
19078
25761
16550
13085
39603
15774
35931
38139
20514
17568
15826
30873
20954
32033
24406
18191
33230
25454
15237
32459
10710
34364
11956
35322
18025
26469
22825
35908
33393
36960
25416
20623
39383
27510
26239
32154
29580
21754
20381
13456
19661
26534
33814
33445
28174
20070
25190
27793
39500
24210
13737
14720
22774
16444
33082
16709
32876
37845
17813
12281
17348
27267
40842
24742
11402
21544
22025
10953
11929
13992
14620
12500
34281
24885
19306
28618
32815
29287
42256
35354
11057
30911
15301
23065
29208
29152
41099
26101
10836
26192
25753
19482
31622
30870
14390
18126
18971
39945
20774
28909
13775
40121
11609
30737
38838
41504
23554
20364
16366
35912
17125
15988
27883
42689
34339
41148
26508
21555
22000
23101
10963
15568
14504
33195
25147
24776
16187
38335
27342
28766
31420
35660
32098
30102
10789
22762
15550
11106
39504
20048
41073
12494
35805
38027
33039
30973
27333
42434
20949
25918
37326
15498
27409
28600
33424
36083
31322
34973
21210
21807
25266
24175
17219
11229
33510
11771
31588
11923
33275
19601
32739
20286
12766
13239
30702
37876
28616
30062
32419
21731
27037
11327
18459
15017
38946
19139
12476
17433
32542
26657
10486
31956
13430
35301
22591
22532
14266
27823
12810
40832
29972
12546
29498
18781
19147
11873
15104
29869
28101
30234
30427
33720
24574
32139
37866
14181
42352
39126
18525
37593
21245
14789
31834
20078
28927
17303
23643
19719
31991
13466
11670
40775
22133
30028
40611
21061
36416
22567
12660
37832
10362
13580
37768
39826
33404
33598
38733
12995
30097
28522
22233
13659
15568
17235
29179
31592
12452
15239
35560
28167
25792
15256
18599
41834
23036
36379
29085
27556
21168
31015
19578
20648
40997
10430
42267
19973
35844
16762
35602
34911
33682
17441
37775
24684
42006
37500
19603
40237
24963
40896
14325
10460
19485
16043
16490
11663
19623
20867
15352
30317
23891
11805
13125
18316
40872
40458
29942
34253
39948
13090
23024
29209
11658
36659
20549
22871
42104
36675
12573
14159
36662
33072
13202
30815
39032
20008
27636
40800
39227
27114
20989
34130
34777
37829
23409
18853
13477
42366
17988
21255
18365
37846
10588
41792
10103
15334
26139
21369
29414
40158
40487
