7486
1938
8929
9377
2283
575
7173
4764
1504
7748
2359
6833
3633
8484
9592
7818
3193
2315
1532
586
9760
1085
8464
9049
443
4646
621
4020
6031
251
8544
7926
8091
6717
893
7095
6639
9801
3024
3762
1849
31
4407
8963
2217
7673
259
6291
61
4132
5720
3287
7688
3816
5780
1831
2281
2794
7675
41
555
2990
250
7500
52
8399
1504
3314
8712
3758
5550
6756
6522
1556
5379
5438
2195
9675
5287
7181
4516
280
9538
5837
6125
2148
1673
1618
275
7073
8259
2964
701
3432
9894
989
2381
3801
6755
666
9294
1039
2784
2940
2604
602
3521
4875
3644
2955
1284
4127
8177
9480
3014
1176
9688
2859
8381
1540
1470
8615
9544
44
5972
867
3920
7752
1296
4788
3857
1333
7525
2097
7347
5889
2956
2859
7063
8236
201
2425
9270
217
653
9290
1323
3271
8213
1583
1916
7426
6054
3874
3000
6341
4501
2288
4238
9156
8049
6640
8106
574
2240
4986
6227
5330
8359
1836
1958
3835
5190
3931
4533
3399
1934
3292
196
6049
9241
1112
8150
9726
6907
5453
4739
1936
3394
4229
6968
5166
7586
926
5454
8912
9761
5785
8599
4024
9698
7101
7713
2054
1007
6838
240
6470
9316
82
1825
9136
2883
7072
1292
3817
2670
8819
8506
4290
4808
2091
1261
7287
2206
3225
3535
5559
1760
8846
6046
7479
4168
9677
7603
6183
8319
3707
6460
352
7047
1283
749
5282
6010
6148
7353
158
30
1319
8000
5914
3054
2281
7445
3877
7696
4074
1274
6948
4628
495
9852
6107
1061
3764
5574
3946
9028
5127
467
351
8299
4783
1785
5632
907
2661
6819
4
1262
2481
6941
3502
50
536
3601
420
177
4335
1235
2468
3693
4749
3581
1433
1601
9656
4984
1063
1740
3337
3503
828
8455
9063
6373
9162
189
8375
3301
7256
8649
3508
134
3330
8897
5226
3138
827
6575
3631
6214
4258
2874
6899
3512
1115
7582
5686
5740
383
5438
3792
8794
7519
3343
8140
679
2071
8943
7112
9442
4264
2366
9826
7379
6163
5595
2613
696
5760
1747
3758
4414
490
7649
2480
7631
2967
378
9773
5502
5215
7126
4057
8216
1909
3282
766
7381
8496
5428
5622
6772
2258
1776
6603
7836
8606
2141
9784
4411
1886
5488
8408
9535
5720
9108
6046
4956
221
6431
171
6853
3459
9222
2161
4147
3608
2971
804
1104
5928
7848
2745
6170
1616
9923
5781
949
6937
5140
9711
3408
3903
8761
2199
2658
1698
1016
7578
8602
208
9500
446
2870
3238
2421
8289
1655
9105
6514
6620
1485
9455
9710
8352
7712
8222
3074
7212
7380
5988
3943
3722
9689
1097
862
9825
2762
3671
4709
8955
1155
531
3106
45
242
8014
3919
346
7629
3636
9647
4947
2665
7226
4683
5328
7507
5645
8634
5293
7093
221
1008
4044
4305
5761
1493
7273
2439
4254
6684
8152
385
2461
8435
1889
8672
2587
799
8293
2458
2565
7271
1722
9383
2571
