46933
15160
84305
05583
50329
95616
49890
11795
94761
76024
20602
52655
45234
96472
09671
10263
73071
85320
60972
45460
17511
96537
58424
64342
08971
04539
71104
20690
36942
86036
44655
28192
34196
72596
33718
83912
99507
39197
79115
56333
89806
22003
10702
88756
25618
21123
92195
19011
68334
67659
99768
94814
54989
96885
29557
70139
26944
66157
37709
73935
08098
94684
90972
62561
36099
29649
47137
50402
60411
42806
26379
36042
33995
97089
30540
02111
72692
80983
70619
76867
26763
05024
31859
21029
60003
20046
11163
51700
01873
81413
53337
95522
21592
80655
65453
28916
50194
28286
54347
79405
36813
93247
70298
69798
28920
04308
03737
10266
19704
71869
25814
33688
71490
01993
13596
76563
48294
80366
38503
43547
07958
28791
68974
46126
80651
78853
04178
28853
39425
22702
32966
86602
03057
47538
32793
87461
49670
49206
36560
32903
12843
22375
83795
54053
25597
65300
79234
40601
16961
65243
10524
49633
67908
89831
91137
56245
74713
41936
67737
59389
15093
16447
64933
40614
20367
79148
04622
16330
27738
32478
29067
55111
64803
61761
45917
22540
94203
72847
90837
92900
50030
34183
91211
16212
35677
18123
02505
81907
12817
86023
96622
50515
80359
11818
30202
82083
99479
76383
98581
31695
00031
00720
69687
72612
77382
06893
99962
79992
92613
91976
83412
91326
14320
74991
95288
32209
46711
06211
90285
01643
99440
75849
66756
62086
50296
12467
41257
99058
88469
22143
68880
72115
53209
10838
88276
03468
61980
45839
87628
18385
63414
39039
43501
70506
86331
42432
78247
76675
16884
80805
47846
10820
17697
22062
27104
82985
50516
43713
92293
62200
63033
32030
05396
55706
55922
69385
92052
22009
43089
14338
57620
56401
52422
43568
78866
07000
48214
53554
93526
22332
11033
27766
02230
48189
55655
39572
26073
14765
67363
74057
55429
59790
43787
40375
92375
92287
35868
82278
73880
53878
01965
84463
34164
55074
85157
21881
67880
85805
14093
14732
65834
72025
77249
16166
31047
49325
40498
34379
20250
65180
27410
86761
76285
29913
42194
95634
53514
99141
62000
63311
08670
84711
52508
06310
54751
08583
22890
28775
69885
34594
53847
07783
96442
43966
79266
73875
86115
98211
85001
97255
41289
85564
59889
37634
62494
10920
75988
63139
20316
36474
43077
63246
93305
83258
40998
80597
35168
18687
17288
26508
54180
49535
53539
75934
91645
97448
12314
33037
21229
03526
74423
79072
46307
99188
31701
92171
03477
87414
09950
53835
45043
33334
98321
25092
59122
98151
82982
22771
30688
10820
70767
28719
79857
87963
64155
10441
53127
21711
63180
97133
85154
18422
86591
66222
48830
26056
13239
18802
62303
66938
86018
54751
79799
60038
93212
91214
19089
56178
03157
87592
57887
95198
36776
51084
08629
29019
23852
54911
66641
40688
55123
25460
91318
03871
51911
96789
12665
88385
78614
17654
43763
83564
10417
44356
88207
52809
11249
68438
07541
73871
04661
36095
91968
29632
72110
01682
86448
04080
65348
76182
06699
96322
89241
02460
55752
63409
79262
72788
35907
56488
11933
57745
14857
24421
20215
09279
92367
86261
33826
67064
10666
35016
32492
64442
00384
39194
83282
86206
38032
59446
91619
27745
81836
91067
29187
66392
11896
38436
48535
51708
97757
62178
33164
84614
00176
71681
20284
67568
53996
28112
21264
13845
29952
70517
32223
26255
99546
58602
08009
19119
94744
92269
12908
68818
98801
88269
15649
14460
48358
71198
95702
17569
38565
63227
11543
70914
75500
31376
37157
09826
17684
60378
55480
18097
76674
29720
86690
90836
73765
32041
10475
67884
41123
44522
61317
13275
16129
08407
60212
30008
87193
45541
75289
00318
52833
69623
76091
72523
14081
02837
39840
01245
14960
20885
79557
42807
68929
49865
40123
27214
67675
49491
53601
08010
98581
24983
63383
69315
68766
67374
10903
37261
83192
03844
11675
85445
25847
35138
51186
94751
40485
45598
77205
90211
78567
66792
70205
46306
31044
33243
59555
33452
06129
22594
75744
14758
96866
05244
85921
07561
69705
55836
58500
71538
47940
30071
06836
12513
99610
88213
69526
66338
59601
83863
74670
99589
43375
40742
09920
00561
77403
28379
75359
13011
12038
53133
73312
47014
13100
88918
48619
37032
37548
61190
77105
44270
25062
37108
30775
89935
59410
51929
22779
83551
56818
10773
66382
53257
61783
17793
98145
59635
03551
40949
60312
74005
26683
64754
14431
65213
47628
80768
04313
46041
52792
69087
20514
44804
24937
38537
81077
07581
03863
37435
91776
62900
38262
96365
82957
73545
49759
01968
39160
43041
21934
05027
92636
54424
76822
42464
05471
74760
76804
43443
86488
08181
71584
38415
20563
27147
01742
34519
26600
86082
85627
55491
74634
88184
72065
50949
97413
99739
82742
39526
45556
75566
08836
59178
68450
77698
67037
97467
33444
48138
91860
07709
27964
41092
17364
97172
09120
36494
89987
77569
74375
35251
96097
36364
32119
28981
24755
67017
26537
77877
11796
03569
88006
20172
72011
88659
76296
69445
80638
28787
96474
43366
91282
95526
32434
04349
58571
75655
65809
05937
07574
32930
25177
85602
30876
17189
55596
71608
52744
77666
14842
10537
39518
57768
06115
61890
75386
89883
91488
16389
76694
22362
69499
13788
24624
64458
44569
53916
56196
23751
25554
72079
17969
27785
23576
57880
75670
68788
19203
61565
44817
45640
08719
58992
94989
46590
89635
59569
88912
96320
09395
73388
50098
57113
91385
43538
64708
69332
59748
04987
92208
83259
67241
20002
76048
28115
07384
15318
12949
59295
17823
84918
59097
88960
75834
38946
65773
60775
69330
81319
56495
07997
42055
09094
42262
65746
92829
84021
80691
48570
90235
53335
73401
01977
30586
26445
15756
77245
76606
26827
64460
83391
63931
79770
69814
85555
21040
81175
05265
07501
08758
52253
83665
70815
63049
18308
91591
49189
72922
18742
14105
25364
78981
68679
02859
60065
87274
57751
52750
89828
97618
39953
43372
39801
00928
68475
20401
78883
49745
23210
83360
41645
71542
50727
76407
91833
95463
77854
59573
59589
33890
73876
34116
61493
75516
87964
88816
94922
38032
53517
13001
82318
31891
32393
32549
04249
15609
71040
21352
18860
87256
18732
38894
13131
18185
26030
95337
02573
58958
28569
81837
13899
55105
01859
15246
19011
79438
08196
92018
11509
83530
52800
62442
96863
32075
45331
97317
00685
63115
30532
08366
41090
18819
18347
37115
90893
05166
93079
69843
77657
29999
36112
80416
92826
07283
01710
51594
05277
25885
44240
19086
45089
93534
46356
55577
90145
15642
00215
36340
77063
97850
24601
23424
68757
02929
49420
95937
26688
02504
91440
84301
31707
65618
12446
91627
82827
23361
87284
79291
48967
84160
64226
09513
42549
42558
88158
92265
60874
30751
38273
86918
42510
87500
61688
02967
52299
37333
30218
04646
91826
62580
91683
95727
44538
98071
93462
13128
85054
83596
34380
74622
72823
74012
28720
11403
05863
76018
25130
25715
20121
55636
19357
81360
49115
37519
09986
47897
29927
02408
35277
14204
56930
72880
52801
09507
12040
