1919
4831
4872
1901
882
1231
3000
1084
548
4974
3295
2983
1757
4336
2067
1226
1852
782
4324
4837
3929
4773
2778
2504
2819
4061
1750
1127
1215
146
4404
377
4313
322
2821
1620
2756
1877
1911
1928
4883
4401
1956
2316
1430
2568
2044
1966
4757
3932
2598
5027
4602
3538
1231
3509
1259
4451
543
233
2042
1008
547
333
1367
438
3119
3642
2574
760
4326
1446
4315
1758
4726
2016
1362
1234
2068
2944
4280
2095
1147
2498
1557
4175
4851
3351
2841
4971
2078
3533
1787
2288
2307
2410
3813
3321
1533
5060
1724
1753
518
4129
4485
773
3452
837
3798
2412
1950
3235
2821
2852
2422
4151
4754
604
2343
4022
4836
503
3630
3335
5002
4395
220
342
1093
1146
1789
2851
2931
2651
155
2164
3255
1922
2987
1905
1512
2247
3148
2578
683
2421
588
3644
291
4362
697
372
933
4024
1650
2955
3994
4725
1305
3009
220
4102
2955
1080
1960
4413
2567
3010
1986
1226
228
2684
4140
2453
2668
1094
1719
2269
876
1389
448
4743
5017
3180
1714
2575
4599
449
2062
272
4314
4587
4395
3083
2595
1644
105
3168
3290
723
4408
1153
2231
1965
4023
1074
641
4349
2850
4923
3628
4526
3509
458
3773
3448
625
839
370
1033
1640
4412
1589
2535
1847
563
3542
1161
1570
398
874
3418
2857
4998
1845
1970
3146
260
2820
1994
2049
148
2848
1993
1447
3338
803
2765
3307
2911
1361
257
1608
3902
4933
4583
177
2403
5074
466
2909
962
3069
2907
3357
3532
1761
2302
2459
3965
2111
2467
3870
3635
425
1108
2502
4272
1131
1600
2317
3944
3247
3695
1326
4096
2618
2008
4263
1801
4366
2925
1675
1690
2139
2104
2645
208
1477
450
1842
207
887
163
2528
3954
2421
811
573
1079
4007
3484
768
3574
4989
345
1722
604
3242
4282
1771
913
940
540
305
1741
762
3052
2058
3703
2047
4960
4546
4000
1039
3265
2744
640
5043
2429
2095
1610
1464
4631
2957
1911
1527
2225
362
4712
3480
1843
1356
2006
5039
4304
4199
1910
443
2370
2133
3318
998
2287
413
2875
3186
2089
479
2229
4428
1165
2918
2726
2032
2790
4551
1375
4434
2548
2353
1690
4947
1834
3608
2895
4423
104
3265
4927
3049
3094
4847
3626
2116
4932
4245
4626
2579
771
2073
3115
2112
2415
859
1732
2463
443
1590
3877
5078
2077
3966
4210
1626
2483
1400
774
686
4181
2267
3655
1042
4034
4302
3952
4704
126
2323
4967
1895
956
2777
1199
1903
1647
1633
5088
5020
4933
4978
2748
3370
4313
3214
4368
4204
2517
4721
4322
1773
4343
1065
460
3505
3105
1107
1056
1920
3953
387
1973
1753
603
2629
3592
2859
2761
2447
374
3871
606
3015
4489
1460
1000
2479
989
3931
3509
1148
3045
3247
1249
2558
5046
1134
4935
4615
320
4070
4255
3866
3043
5006
750
2512
4172
1039
816
2018
487
1309
1904
238
4689
1617
667
4102
555
1300
1834
3417
5035
2032
782
117
1801
1971
255
1787
1350
2233
4274
1034
2596
2431
3759
1453
3115
2484
2961
2986
1732
3358
4599
2002
1478
4143
1825
3885
3705
4226
3828
1269
2015
1175
2867
2119
1800
5019
4456
3273
5044
4945
438
1177
2242
981
3763
1712
1574
2468
4288
3709
2279
1813
3684
2583
3899
1487
4531
644
4880
2196
1063
1418
2447
1824
2567
1845
1773
1768
2261
4876
1269
3959
189
263
1327
4414
3551
2947
1282
4141
2745
2185
2742
4737
1287
1151
2645
3216
756
3945
138
2851
1131
4855
564
4479
1451
4675
192
4179
2898
2349
4806
3403
4517
3388
3186
2315
5079
4132
947
2739
3745
2325
3172
253
2323
3847
4786
4062
1342
1067
2720
2981
4807
5068
1399
891
341
1365
3494
3002
855
1484
2287
1764
2567
1547
1483
1148
3484
4240
2278
4956
906
3283
2447
1635
5016
1761
1066
