.028
.355
.410
.806
.527
.371
.299
.301
.895
.498
.269
.293
.298
.364
.482
.041
.975
.859
.931
.529
.935
.196
.632
.018
.886
.464
.004
.152
.438
.411
.813
.450
.089
.535
.005
.419
.171
.407
.071
.332
.745
.956
.262
.219
.192
.994
.789
.470
.163
.486
.628
.896
.509
.553
.828
.151
.873
.056
.623
.722
.371
.402
.137
.762
.931
.128
.739
.897
.055
.097
.711
.570
.339
.174
.080
.698
.296
.352
.378
.909
.831
.700
.859
.945
.924
.934
.972
.898
.970
.683
.452
.649
.317
.357
.895
.816
.048
.266
.618
.437
.477
.650
.120
.778
.507
.551
.349
.889
.204
.311
.740
.822
.514
.502
.078
.140
.328
.203
.929
.383
.966
.891
.002
.271
.730
.333
.682
.609
.702
.408
.251
.690
.520
.014
.887
.242
.981
.762
.046
.861
.158
.220
.542
.900
.603
.593
.357
.078
.506
.171
.092
.495
.203
.615
.978
.498
.461
.830
.196
.818
.378
.085
.024
.299
.730
.881
.976
.988
.005
.754
.454
.170
.079
.200
.297
.898
.108
.929
.462
.282
.951
.649
.541
.707
.259
.046
.460
.282
.452
.702
.908
.205
.073
.789
.918
.512
.481
.501
.900
.215
.131
.807
.140
.104
.361
.874
.912
.092
.039
.920
.871
.260
.453
.118
.779
.232
.752
.161
.728
.670
.684
.729
.777
.428
.292
.545
.680
.939
.847
.674
.181
.338
.773
.555
.749
.013
.456
.739
.645
.137
.264
.887
.529
.491
.108
.679
.276
.681
.942
.161
.942
.394
.208
.121
.728
.030
.315
.351
.137
.791
.307
.584
.257
.785
.308
.357
.568
.276
.457
.321
.412
.424
.942
.127
.305
.090
.301
.212
.227
.124
.816
.925
.961
.982
.438
.343
.003
.333
.832
.415
.946
.764
.951
.751
.454
.048
.608
.116
.067
.211
.920
.899
.622
.035
.366
.572
.286
.571
.781
.181
.309
.627
.576
.104
.558
.070
.205
.296
.087
.368
.888
.560
.726
.857
.263
.172
.546
.611
.931
.488
.313
.361
.062
.597
.837
.672
.854
.872
.970
.418
.280
.371
.040
.210
.838
.611
.595
.003
.014
.379
.210
.071
.822
.711
.525
.618
.393
.469
.371
.229
.588
.182
.991
.783
.408
.417
.463
.366
.118
.594
.150
.281
.186
.790
.184
.003
.703
.613
.366
.948
.968
.588
.866
.624
.368
.885
.402
.727
.817
.499
.626
.808
.532
.925
.258
.728
.025
.265
.974
.710
.999
.356
.505
.759
.254
.545
.830
.851
.545
.238
.175
.844
.725
.884
.273
.176
.054
.026
.549
.437
.063
.699
.854
.426
.926
.587
.467
.505
.194
.935
.036
.605
.614
.035
.766
.411
.423
.652
.039
.611
.573
.248
.211
.780
.180
.880
.476
.536
.741
.028
.775
.451
.520
.071
.836
.880
.988
.341
.602
.450
.976
.220
.741
.967
.755
.476
.795
.144
.988
.359
.217
.602
.558
.715
.581
.553
.324
.092
.047
.283
.395
.889
.462
.618
.725
.976
.758
.480
.664
.117
.739
.232
.501
.685
.459
.732
.457
.804
.064
.943
