1997464228
1842002479
1053955389
1134037138
1736358387
1500766037
1238515615
1377887638
1303798276
1723221135
1428789044
1082209789
1024244458
1759196493
1153834808
1207210628
1410868037
1422797112
1032853337
1761125158
1356053739
1770680021
1071770206
1678697066
1020441861
1273122081
1042098499
1010920586
1985922885
1602869027
1237485532
1753185035
1072761643
1472359086
1223148689
1025757859
1604251637
1744101458
1698371496
1590981106
1446952993
1425170452
1234913694
1514175071
1714270758
1547670577
1246996970
1790506958
1310642643
1276234472
1870450237
1774062334
1917144364
1171171973
1521294762
1957280531
1464552562
1928607351
1081213445
1796991579
1018128077
1874851331
1815740188
1188812878
1344989414
1598292104
1358615051
1763200624
1694190391
1151547813
1477262344
1678833434
1669036683
1955664553
1378025698
1916559125
1619681457
1193828763
1056171351
1117696718
1979358815
1321777367
1511905251
1817236482
1844223395
1828399675
1694261186
1556725655
1724724073
1861975242
1745273922
1863925839
1260227567
1204082372
1142399408
1061532460
1445804541
1947543154
1377352245
1312828871
1518366909
1358705872
1617904107
1527929505
1845828368
1099961533
1713632529
1597968391
1490527221
1030460379
1811190403
1055937365
1909720375
1532983804
1021676078
1816038320
1720238393
1047968707
1638701600
1406816236
1932841654
1282053339
1255734735
1585915054
1214028766
1696538055
1121308161
1191217745
1493086060
1732501240
1724035659
1703535319
1230992639
1930182183
1858512266
1542195109
1259911702
1454866760
1275569401
1541010104
1452368925
1842421634
1423660718
1063656859
1285735940
1695447787
1580667468
1002527772
1888635064
1208101032
1914739338
1327193079
1330550165
1070006721
1259920022
1580681491
1932873159
1496099675
1550419078
1047675189
1648700531
1940715226
1621857644
1518032207
1995237748
1916646362
1735464402
1560656380
1469876504
1127031840
1649170618
1221070145
1617418955
1850249348
1727615153
1902547556
1493282284
1018439529
1936966172
1393163269
1284082270
1062761989
1447851976
1159783449
1120622270
1498707189
1038587736
1481425814
1358014618
1187951126
1192561080
1599281303
1091515705
1987623886
1321925338
1432820808
1559192404
1223666616
1985970627
1161302818
1307398086
1741461204
1789757942
1816896920
1718819529
1446253132
1610802576
1292564799
1159157475
1595900874
1245218568
1380770856
1498286689
1526333454
1441226424
1506853447
1941944367
1050415539
1513738418
1902347648
1706993868
1300851236
1799078739
1064776026
1331554180
1404534870
1208432827
1756088199
1252904036
1561002972
1073686162
1249100740
1756398881
1207592701
1864341992
1175160616
1633486007
1510331073
1309975244
1589854379
1476496056
1663019194
1309618117
1080214545
1865130835
1347972368
1812641413
1792763925
1060474090
1645593289
1352566526
1704415928
1489583285
1235016028
1592247096
1197492448
1265893880
1098725718
1943158956
1939923653
1447842250
1911658270
1450171587
1114783224
1539327679
1786170694
1934058832
1942500943
1240407546
1629090674
1463650316
1519212956
1452647932
1623122066
1769309254
1250607279
1027148568
1188693830
1891269574
1850340820
1831117817
1332017177
1551165147
1722332514
1146033670
1326409260
1150617811
1845490071
1255573756
1565377039
1750583414
1176044119
1808029412
1721283729
1651002528
1562468202
1402671038
1690571400
1792639404
1085093113
1554896959
1282605875
1409004856
1274618727
1048146056
1090989476
1085047175
1001174746
1962832114
1618361536
1663265114
1902692805
1577422052
1946343966
1847054310
1379516236
1464693006
1020582784
1494952626
1116514909
1826325546
1245484484
1586433244
1116007442
1517187970
1357159271
1742092365
1983015284
1117343535
1265356344
1758008436
1285478489
1045759646
1254728989
1596764715
1770473207
1333150984
1199300758
1644265229
1982945854
1060954533
1984460333
1009606025
1326498722
1027098939
1964677207
1518857487
1039299929
1403472533
1964816142
1953112884
1556785056
1471555412
1817969130
1033011404
1636281984
1791919059
1612016249
1699331850
1813546333
1269791594
1358280684
1880328080
1913249405
1104030723
1953157813
1927956450
1321645071
1650543311
1854289897
1142778563
1849229078
1802758633
1498421005
1755434185
1121027017
1277453468
1476062004
1725540374
1801145132
1474291848
1067454809
1416098351
1039965868
1692668195
1215767930
1688049290
1678608612
1101880836
1742173116
1523028612
1206807133
1519090976
1677877261
1176002639
1419086274
1913883507
1817550796
1374451621
1702510026
1470355175
1860501614
1344609781
1774228336
1668894912
1518415674
1829541242
1119371339
1105741068
1217439202
1960055994
1701812530
1030077465
1245726215
1382598499
1507906161
1544278287
1500308914
1218762823
1977995058
1484420993
1235390955
1733844269
1538135564
1769080397
1359913766
1129379792
1837035565
1027410008
1492983371
1520826287
1629243917
1556446554
1756045444
1158130537
1061328795
1196301398
1104859698
1176943975
1895061169
1836707917
1448885763
1151262143
1469962148
1557273690
1819290625
1487100832
1839698825
1393979148
1962966646
1439108332
1411882300
1577419507
1076675919
1001269539
1413038091
1762036207
1239978127
1327472679
1065304614
1119863943
1338288764
1261894258
1253645595
1761433772
1052201685
1583071592
1668801996
1644504841
1321075131
1557714807
1197866232
1018005832
1879504367
1258014059
1484996625
1412011002
1438843656
1394908604
1053821680
1188405789
1611724137
1501737900
1734374352
1599510339
1107833467
1339354113
1655047561
1487882215
1133018884
1964697712
1611657910
1836417333
1031990766
1620276583
1174367856
1892649269
1345525133
1760397145
1260893965
